xyz = [
0.798321797	0.401841424	-0.448559671
-0.669039663	-0.336766266	0.66255144
-0.449607523	0.893216738	-0.004115226
0.333456343	-0.662463976	-0.670781893
0.281634881	0.852520952	0.440329218
-0.30554137	-0.924886928	-0.226337449
-0.427333731	0.141171996	-0.893004115
0.555913011	-0.183648853	0.810699588
0.953726673	0.263931716	0.144032922
-0.821674331	-0.227387911	-0.522633745
-0.215640916	0.779226145	0.588477366
0.265896224	-0.960825495	-0.0781893
0.32887414	0.580544045	-0.744855967
-0.458648898	-0.809628531	0.366255144
-0.8298974	0.47013107	-0.300411523
0.221419234	-0.125432447	-0.967078189
0.2813324	0.21955396	0.934156379
-0.759619649	-0.592812992	0.267489712
-0.564089791	0.722814268	-0.399176955
0.43204406	-0.553613301	0.711934156
0.122285192	0.991462146	0.04526749
-0.095908046	-0.777601897	-0.621399177
-0.865327318	0.106727945	0.489711934
0.976817206	-0.120478911	-0.176954733
0.529033483	0.091796017	-0.843621399
-0.502644611	-0.087217114	0.860082305
-0.1677336	0.966672556	0.193415638
0.150605049	-0.867958284	-0.473251029
0.443459984	0.629664798	0.637860082
-0.575569233	-0.817245519	-0.028806584
-0.587477192	0.41374812	-0.695473251
0.743618072	-0.523714935	0.41563786
0.81780103	0.517866791	-0.251028807
-0.335647273	-0.212546292	-0.917695473
-0.330744105	0.522302018	0.78600823
0.53117413	-0.838815614	0.119341564
0.183370229	0.816584711	-0.547325103
-0.180960294	-0.805852784	0.563786008
-0.970524768	0.217938625	-0.102880658
0.623073414	-0.139915814	-0.769547325
0.876881302	0.338250444	0.341563786
-0.882311374	-0.340345054	-0.325102881
-0.046079447	0.119456475	-0.991769547
0.026640601	-0.06906316	0.997256516
0.382456428	0.862807877	0.330589849
-0.381670282	-0.86103436	-0.336076818
-0.577706675	0.256079757	0.775034294
0.908825872	-0.402854802	0.108367627
0.600864198	0.572070273	-0.55829904
-0.603519407	-0.574598242	0.552812071
-0.685056755	0.719537611	-0.113854595
0.431051953	-0.452748024	-0.780521262
0.009432717	0.384246279	0.923182442
-0.02372008	-0.96624894	0.256515775
-0.911742996	0.022382034	-0.410150892
0.712985569	-0.017502813	0.700960219
0.999336549	0.01226432	0.034293553
-0.774605625	-0.009506318	-0.632373114
-0.010773893	0.877891709	0.478737997
0.012052892	-0.982108723	-0.187928669
0.362662968	0.371675104	-0.854595336
-0.368895385	-0.378062396	0.849108368
-0.703718481	0.686655172	0.182441701
0.626224056	-0.611039782	-0.484224966
0.7160916	0.306963484	0.626886145
-0.91838632	-0.393680172	-0.039780521
-0.278854076	0.650517314	-0.706447188
0.360292119	-0.840497887	0.404663923
0.358346018	0.896070697	-0.262002743
-0.137724709	-0.344390812	-0.92866941
-0.215998962	0.086379756	0.972565158
0.883997336	-0.353517782	0.305898491
0.912433098	0.193163569	-0.360768176
-0.646715497	-0.136910721	0.750342936
-0.206385035	0.974886403	0.083676269
0.168273653	-0.794862362	-0.582990398
0.463073243	0.711794692	0.528120713
-0.540065878	-0.830140872	-0.138545953
-0.497055685	0.323370194	-0.80521262
0.367973746	-0.239393181	0.898491084
0.80212555	0.550319945	0.231824417
-0.742548147	-0.509445255	-0.43484225
-0.416749105	0.607437742	0.676268861
0.565705729	-0.824551287	0.009602195
0.137981761	0.74109872	-0.657064472
-0.163084498	-0.87592528	0.454046639
-0.960626738	0.178854673	-0.212620027
0.468246146	-0.087180596	-0.879286694
0.562534306	0.06238388	0.82441701
-0.981462288	-0.108842118	0.157750343
-0.094881039	0.855571016	-0.508916324
0.087995811	-0.79348483	0.602194787
0.623559483	0.779112924	-0.064471879
-0.426297272	-0.532641589	-0.731138546
-0.722180185	0.577993625	0.379972565
0.74796358	-0.598629247	-0.286694102
0.264426989	0.145539043	-0.953360768
-0.279156213	-0.15364592	0.9478738
-0.462726256	0.840718122	0.281207133
0.444922896	-0.808371551	-0.385459534
0.19163891	0.660836074	0.725651578
-0.278034752	-0.958758289	0.058984911
-0.762755321	0.221194944	-0.607681756
0.829846919	-0.240651147	0.503429355
0.940519188	0.297955093	-0.163237311
-0.531855401	-0.168491008	-0.829903978
-0.146861254	0.463579347	0.873799726
0.29545628	-0.932631483	0.207133059
0.409032237	0.788366344	-0.459533608
-0.349356409	-0.673347501	0.651577503
-0.887538564	0.46048628	-0.015089163
0.649379207	-0.336920813	-0.68175583
0.691049853	0.581467233	0.429355281
-0.743309218	-0.625439616	-0.237311385
-0.275288757	0.327169347	-0.903978052
0.386534326	-0.459380123	0.799725652
0.085034413	0.98745352	0.133058985
-0.072561544	-0.842613591	-0.533607682
-0.813377919	0.070043918	0.577503429
0.992344325	-0.085455584	-0.089163237
0.653535818	0.040150857	-0.755829904
-0.933000357	-0.057320139	0.355281207
-0.058272096	0.948495366	-0.31138546
0.012776811	-0.207968246	-0.978052126
0.097866067	0.11067827	0.989026063
-0.627054272	-0.709145513	0.322359396
-0.703331963	0.621913703	-0.34430727
0.480856798	-0.425192438	0.766803841
0.894157405	0.436411596	0.100137174
-0.740545022	-0.361437967	-0.566529492
-0.367870883	0.753725331	0.544581619
0.435335232	-0.89195206	-0.122085048
0.199972111	0.581276085	-0.788751715
-0.131283102	-0.381611851	0.914951989
-0.915997472	0.315123833	0.248285322
0.858868149	-0.295470055	-0.418381344
0.69738077	0.183808412	0.692729767
-0.966647989	-0.254779082	0.0260631
-0.195704148	0.742513944	-0.640603567
0.224892431	-0.853256143	0.470507545
0.493755679	0.847187658	-0.196159122
-0.254539354	-0.436739482	-0.862825789
-0.467603575	0.272527483	0.840877915
0.850761245	-0.495838427	0.174211248
0.692646838	0.526999069	-0.492455418
-0.625258994	-0.475727153	0.618655693
-0.604812771	0.794919152	-0.048010974
0.423527108	-0.55665129	-0.714677641
0.12355363	0.909711495	0.396433471
-0.12957362	-0.954036004	-0.270233196
-0.346417417	0.047049124	-0.936899863
0.262277864	-0.035621603	0.964334705
0.942546492	0.151657015	0.297668038
-0.917627497	-0.147647515	-0.368998628
-0.1064787	0.661763817	0.742112483
0.158405382	-0.984487513	0.075445816
0.472451658	0.653641597	-0.59122085
-0.500407895	-0.692319331	0.519890261
-0.8016797	0.579453488	-0.146776406
0.471398002	-0.340726124	-0.813443073
0.387750944	0.238925123	0.890260631
-0.829800905	-0.51130832	0.223593964
-0.47028714	0.763227742	-0.443072702
0.390361238	-0.63351621	0.668038409
0.231057891	0.972939037	0.001371742
-0.172503512	-0.72637814	-0.665294925
-0.870902419	0.206825781	0.445816187
0.948915805	-0.225352747	-0.22085048
0.431902092	0.160542509	-0.887517147
-0.541583664	-0.201312293	0.816186557
-0.344502008	0.92680212	0.14951989
0.298210409	-0.802265395	-0.517146776
0.335013989	0.731417799	0.593964335
-0.415327556	-0.906762037	-0.072702332
-0.612143204	0.280382206	-0.739368999
0.844013404	-0.386586568	0.371742112
0.700066207	0.650328235	-0.294924554
-0.20110302	-0.186815148	-0.961591221
-0.232871369	0.250681682	0.939643347
0.654752215	-0.704828539	0.27297668
0.033834792	0.918620379	-0.393689986
-0.025641374	-0.696167688	0.717421125
-0.99803442	0.036759784	0.050754458
0.78728096	-0.028997275	-0.615912209
0.868190932	0.031977366	0.495198903
-0.984522151	-0.036262098	-0.171467764
-0.020077005	0.545094111	-0.838134431
0.01843266	-0.500449868	0.865569273
0.667002087	0.718015298	0.198902606
-0.601551487	-0.647558949	-0.46776406
-0.560901551	0.521050883	0.643347051
0.732455034	-0.680415916	-0.023319616
0.658076191	0.301421062	-0.689986283
-0.824617806	-0.377702731	0.421124829
-0.403680983	0.881334709	-0.245541838
0.170622144	-0.372510037	-0.912208505
0.212944921	0.572878531	0.791495199
-0.345693464	-0.930007455	0.124828532
-0.787817372	0.292839928	-0.541838134
0.770631932	-0.286451921	0.569272977
	
]';

%12
